ON/OFF:

--- SINAL RECEBIDO (99 simbolos) ---
uint16_t rawData[198] = {6147, 7379, 558, 1610, 558, 1610, 558, 1611, 557, 1611, 558, 1610, 558, 1610, 558, 1611, 557, 1612, 558, 520, 558, 521, 558, 521, 557, 521, 558, 521, 557, 521, 558, 521, 557, 520, 558, 1611, 557, 1611, 557, 1611, 558, 1610, 558, 1610, 558, 1611, 557, 1611, 557, 1612, 558, 521, 558, 520, 558, 521, 557, 522, 557, 521, 558, 521, 557, 522, 557, 520, 558, 1611, 557, 1611, 557, 1611, 557, 1611, 557, 1611, 558, 1610, 558, 1611, 557, 1612, 557, 521, 558, 521, 557, 521, 558, 521, 558, 521, 557, 522, 557, 521, 557, 521, 557, 1612, 557, 522, 557, 520, 557, 1612, 556, 1612, 557, 1611, 557, 1612, 556, 1613, 557, 520, 557, 1611, 557, 1613, 557, 521, 557, 522, 557, 522, 556, 522, 557, 521, 556, 1613, 556, 522, 556, 1612, 557, 521, 556, 1613, 556, 522, 556, 1635, 533, 1613, 556, 522, 556, 1637, 533, 522, 555, 1613, 556, 522, 556, 1636, 533, 523, 555, 546, 533, 545, 533, 1637, 532, 522, 556, 1636, 533, 544, 534, 1636, 533, 546, 532, 545, 533, 1636, 533, 545, 532, 1637, 533, 544, 533, 1637, 532, 546, 532, 1658, 533, 1637, 533, 7410, 533, 0};
----------------------


--- SINAL RECEBIDO (99 simbolos) ---
uint16_t rawData[198] = {6120, 7379, 557, 1611, 558, 1610, 558, 1610, 557, 1611, 582, 1587, 557, 1611, 558, 1609, 559, 1611, 556, 547, 533, 522, 557, 520, 558, 546, 533, 519, 560, 521, 556, 522, 558, 521, 556, 1613, 556, 1610, 557, 1611, 557, 1612, 557, 1610, 558, 1611, 558, 1609, 559, 1611, 557, 521, 558, 521, 558, 522, 557, 520, 582, 496, 558, 523, 557, 545, 531, 523, 556, 1611, 558, 1610, 558, 1610, 558, 1610, 582, 1586, 559, 1611, 556, 1611, 557, 1612, 584, 495, 557, 522, 557, 522, 557, 524, 553, 522, 558, 520, 558, 521, 557, 546, 533, 1610, 582, 1588, 557, 521, 557, 1612, 556, 1611, 582, 1586, 557, 1612, 556, 1636, 534, 520, 558, 521, 557, 1611, 558, 521, 558, 521, 557, 521, 558, 546, 532, 521, 557, 1636, 533, 519, 558, 1612, 557, 521, 557, 1638, 532, 521, 556, 1613, 556, 1612, 557, 521, 555, 1637, 534, 545, 532, 1611, 559, 520, 557, 1613, 556, 547, 532, 520, 558, 546, 532, 1611, 557, 522, 556, 1613, 557, 521, 556, 1612, 557, 547, 532, 520, 557, 1613, 556, 521, 557, 1637, 532, 521, 556, 1613, 556, 520, 558, 1612, 557, 1613, 556, 7385, 559, 0};
----------------------


--- SINAL RECEBIDO (99 simbolos) ---
uint16_t rawData[198] = {6148, 7378, 558, 1610, 558, 1610, 559, 1609, 559, 1609, 559, 1610, 558, 1610, 558, 1610, 558, 1611, 558, 521, 558, 520, 558, 521, 558, 520, 558, 521, 558, 521, 558, 521, 558, 520, 557, 1610, 559, 1610, 558, 1610, 558, 1610, 584, 1608, 557, 1611, 558, 1610, 558, 1611, 558, 520, 559, 520, 559, 520, 558, 520, 558, 521, 559, 520, 558, 521, 558, 519, 558, 1611, 558, 1610, 558, 1610, 559, 1609, 559, 1609, 558, 1610, 559, 1610, 558, 1611, 558, 520, 558, 521, 558, 520, 558, 521, 558, 521, 558, 520, 558, 521, 557, 520, 558, 1612, 557, 521, 558, 520, 558, 1610, 558, 1611, 557, 1611, 557, 1611, 557, 1612, 558, 520, 557, 1611, 557, 1612, 558, 521, 558, 520, 558, 521, 558, 521, 557, 520, 558, 1612, 557, 520, 558, 1612, 557, 520, 558, 1612, 557, 520, 557, 1611, 558, 1611, 558, 520, 558, 1611, 558, 520, 557, 1612, 558, 520, 557, 1612, 558, 521, 557, 522, 557, 520, 557, 1613, 557, 520, 557, 1613, 556, 521, 557, 1612, 557, 522, 557, 521, 556, 1613, 557, 521, 556, 1613, 557, 521, 556, 1613, 556, 521, 557, 1612, 556, 1614, 556, 7388, 555, 0};
----------------------

--- SINAL RECEBIDO (99 simbolos) ---
uint16_t rawData[198] = {6148, 7379, 558, 1610, 558, 1610, 558, 1610, 558, 1610, 559, 1610, 558, 1610, 558, 1610, 558, 1611, 558, 520, 558, 520, 559, 520, 559, 521, 558, 520, 558, 521, 558, 520, 558, 520, 558, 1610, 559, 1610, 558, 1610, 558, 1610, 558, 1610, 558, 1610, 558, 1611, 558, 1611, 558, 520, 558, 521, 558, 520, 559, 520, 558, 521, 558, 520, 558, 521, 558, 519, 559, 1610, 558, 1610, 558, 1610, 558, 1611, 557, 1610, 558, 1611, 557, 1611, 558, 1611, 558, 521, 558, 520, 558, 521, 558, 520, 558, 521, 558, 521, 558, 521, 557, 520, 558, 1612, 557, 521, 558, 520, 557, 1611, 557, 1611, 558, 1610, 558, 1611, 557, 1611, 558, 520, 558, 1611, 557, 1612, 557, 521, 558, 521, 557, 522, 557, 521, 557, 521, 557, 1612, 557, 521, 557, 1612, 557, 520, 558, 1612, 557, 521, 556, 1611, 557, 1612, 557, 521, 557, 1613, 556, 521, 557, 1613, 556, 521, 557, 1612, 557, 522, 556, 523, 556, 521, 556, 1613, 557, 521, 556, 1636, 533, 521, 556, 1614, 556, 545, 533, 545, 533, 1636, 533, 545, 533, 1636, 533, 545, 533, 1636, 532, 545, 533, 1635, 533, 1637, 533, 7411, 532, 0};
----------------------

MODE:

--- SINAL RECEBIDO (99 simbolos) ---
uint16_t rawData[198] = {6148, 7378, 559, 1609, 559, 1610, 558, 1610, 558, 1610, 559, 1609, 559, 1610, 558, 1609, 559, 1611, 558, 520, 558, 520, 559, 520, 559, 519, 559, 521, 558, 520, 558, 521, 558, 519, 585, 1607, 558, 1610, 558, 1610, 558, 1611, 558, 1610, 558, 1610, 558, 1610, 558, 1611, 558, 520, 559, 520, 558, 521, 558, 520, 558, 521, 559, 520, 558, 521, 558, 520, 558, 520, 558, 1611, 557, 1611, 557, 1611, 557, 1611, 558, 1610, 558, 1610, 558, 1610, 557, 1612, 557, 522, 557, 521, 558, 521, 558, 521, 557, 522, 557, 521, 557, 521, 558, 1611, 557, 521, 557, 1612, 557, 520, 558, 1612, 557, 521, 557, 521, 557, 1613, 557, 520, 557, 1612, 557, 521, 557, 1612, 557, 520, 557, 1612, 557, 1612, 557, 521, 557, 521, 558, 1611, 557, 1612, 557, 520, 557, 1611, 557, 1613, 556, 521, 557, 1612, 556, 1612, 557, 522, 557, 521, 556, 1613, 557, 522, 556, 521, 556, 1614, 555, 546, 533, 545, 533, 1613, 556, 545, 533, 1636, 533, 544, 534, 1636, 532, 546, 533, 545, 533, 1636, 533, 545, 533, 1636, 533, 544, 534, 1636, 533, 544, 533, 1636, 533, 1636, 533, 7411, 533, 0};
----------------------


--- SINAL RECEBIDO (99 simbolos) ---
uint16_t rawData[198] = {6148, 7379, 557, 1610, 559, 1610, 558, 1610, 558, 1610, 558, 1610, 559, 1610, 557, 1610, 558, 1611, 559, 520, 558, 520, 558, 521, 559, 520, 558, 521, 558, 520, 558, 521, 558, 519, 558, 1611, 558, 1610, 558, 1610, 558, 1610, 558, 1610, 558, 1611, 557, 1611, 557, 1612, 558, 521, 558, 520, 558, 521, 558, 521, 558, 520, 558, 521, 558, 521, 557, 521, 558, 520, 558, 1611, 557, 1610, 558, 1610, 558, 1611, 558, 1610, 558, 1610, 558, 1610, 558, 1612, 557, 520, 558, 521, 558, 521, 558, 521, 557, 521, 558, 521, 558, 520, 557, 1612, 557, 521, 558, 1611, 557, 521, 557, 1611, 558, 1611, 557, 1610, 558, 1612, 557, 520, 557, 1612, 557, 521, 557, 1612, 557, 521, 558, 521, 558, 521, 557, 522, 557, 520, 557, 1612, 557, 1612, 557, 521, 557, 1611, 557, 1611, 557, 1612, 557, 521, 557, 1612, 557, 522, 557, 520, 558, 1611, 558, 521, 557, 522, 556, 521, 557, 1613, 556, 520, 558, 1612, 556, 521, 557, 1613, 556, 521, 556, 1614, 555, 523, 556, 522, 555, 1637, 532, 545, 532, 1637, 533, 545, 532, 1637, 533, 545, 533, 1635, 533, 1636, 533, 7412, 532, 0};
----------------------

TEMP BAIXO:
-- SINAL RECEBIDO (99 simbolos) ---
uint16_t rawData[198] = {6147, 7378, 559, 1610, 559, 1610, 558, 1610, 558, 1610, 559, 1610, 558, 1610, 558, 1610, 558, 1611, 558, 520, 559, 520, 558, 520, 559, 520, 559, 520, 558, 521, 557, 521, 558, 520, 558, 1610, 558, 1611, 557, 1611, 557, 1611, 558, 1610, 558, 1610, 558, 1610, 558, 1611, 558, 521, 558, 520, 558, 521, 558, 520, 558, 521, 558, 520, 558, 521, 558, 521, 558, 520, 558, 520, 558, 1611, 557, 1611, 558, 1610, 558, 1611, 557, 1611, 557, 1611, 557, 1611, 558, 1611, 558, 521, 557, 521, 558, 521, 557, 522, 557, 521, 557, 521, 557, 1612, 557, 521, 557, 1612, 556, 521, 557, 1611, 557, 1611, 558, 1611, 557, 1612, 557, 520, 558, 1612, 557, 521, 557, 1612, 557, 522, 556, 522, 557, 522, 557, 520, 557, 1613, 557, 521, 557, 521, 557, 1611, 558, 1611, 557, 522, 557, 520, 557, 1613, 556, 521, 557, 1611, 558, 1612, 557, 521, 557, 521, 557, 1612, 556, 1612, 558, 522, 556, 520, 557, 1612, 557, 521, 557, 1613, 556, 521, 556, 1613, 557, 522, 556, 521, 557, 1613, 556, 521, 557, 1614, 555, 545, 533, 1613, 556, 544, 533, 1636, 532, 1615, 555, 7388, 556, 0};
----------------------


--- SINAL RECEBIDO (99 simbolos) ---
uint16_t rawData[198] = {6146, 7380, 558, 1610, 558, 1610, 558, 1610, 558, 1611, 558, 1609, 559, 1610, 557, 1611, 558, 1611, 558, 521, 558, 520, 558, 521, 557, 521, 558, 521, 558, 520, 558, 521, 558, 520, 557, 1610, 558, 1611, 558, 1610, 558, 1610, 558, 1611, 557, 1611, 557, 1611, 557, 1612, 558, 521, 557, 521, 558, 521, 558, 521, 557, 521, 558, 521, 558, 521, 557, 521, 558, 521, 557, 521, 557, 1611, 557, 1611, 557, 1611, 557, 1611, 558, 1610, 558, 1611, 557, 1611, 557, 1612, 557, 521, 558, 521, 557, 521, 558, 521, 557, 522, 557, 520, 558, 1612, 557, 520, 557, 1613, 557, 520, 557, 1612, 556, 1612, 556, 1612, 557, 1612, 557, 521, 556, 1613, 557, 521, 556, 1613, 557, 522, 556, 522, 557, 521, 557, 522, 557, 521, 556, 1613, 556, 522, 556, 1613, 556, 1613, 556, 522, 556, 522, 556, 1635, 533, 1613, 556, 544, 533, 1637, 532, 546, 533, 523, 555, 1635, 533, 1636, 533, 546, 534, 544, 533, 1637, 532, 544, 533, 1637, 532, 545, 533, 1636, 533, 546, 533, 545, 532, 1637, 533, 545, 532, 1636, 534, 544, 533, 1637, 532, 545, 533, 1635, 533, 1637, 533, 7410, 533, 0};
----------------------


--- SINAL RECEBIDO (99 simbolos) ---
uint16_t rawData[198] = {6172, 7376, 558, 1609, 559, 1610, 558, 1610, 558, 1611, 557, 1610, 559, 1610, 558, 1610, 558, 1611, 558, 520, 558, 521, 558, 520, 558, 521, 558, 520, 559, 520, 559, 520, 558, 520, 557, 1611, 557, 1611, 558, 1610, 558, 1611, 557, 1611, 557, 1611, 558, 1611, 557, 1612, 558, 520, 558, 521, 557, 522, 557, 521, 558, 521, 558, 520, 558, 521, 557, 521, 558, 521, 558, 520, 557, 1611, 558, 1611, 556, 1611, 558, 1610, 558, 1611, 557, 1611, 557, 1611, 557, 1612, 558, 521, 557, 521, 558, 521, 557, 521, 558, 521, 557, 521, 557, 1612, 557, 521, 556, 1613, 557, 520, 557, 1612, 556, 1612, 557, 1611, 557, 1612, 557, 521, 557, 1612, 557, 521, 557, 1612, 556, 522, 557, 522, 557, 522, 557, 520, 557, 1612, 557, 1612, 557, 521, 556, 1612, 557, 1612, 557, 522, 556, 521, 557, 1613, 556, 522, 557, 521, 556, 1613, 557, 522, 556, 521, 557, 1612, 555, 1614, 555, 523, 556, 522, 556, 1613, 556, 545, 533, 1613, 556, 544, 534, 1636, 533, 545, 533, 545, 533, 1636, 533, 545, 533, 1636, 533, 545, 533, 1636, 533, 544, 533, 1635, 533, 1637, 533, 7411, 533, 0};
----------------------


TEMP ALTO:
--- SINAL RECEBIDO (99 simbolos) ---
uint16_t rawData[198] = {6122, 7377, 559, 1609, 558, 1611, 558, 1609, 559, 1609, 559, 1610, 559, 1610, 558, 1610, 558, 1611, 558, 521, 557, 521, 558, 521, 558, 520, 558, 521, 558, 520, 558, 521, 558, 520, 558, 1610, 558, 1611, 557, 1611, 557, 1611, 557, 1610, 559, 1610, 558, 1610, 558, 1611, 558, 521, 557, 521, 558, 521, 558, 521, 557, 521, 558, 521, 557, 521, 558, 520, 558, 1611, 558, 520, 558, 1610, 558, 1610, 557, 1612, 557, 1611, 557, 1611, 557, 1612, 557, 521, 557, 1612, 557, 521, 558, 521, 558, 521, 557, 521, 557, 521, 558, 520, 557, 1612, 557, 521, 557, 1612, 557, 520, 558, 1611, 557, 1611, 557, 1611, 557, 1613, 557, 520, 558, 1611, 558, 520, 558, 1611, 558, 521, 557, 521, 557, 522, 557, 521, 557, 521, 557, 1613, 557, 520, 557, 1612, 557, 1612, 557, 521, 557, 520, 558, 1611, 557, 1612, 557, 520, 557, 1613, 557, 521, 557, 521, 557, 1611, 557, 1612, 557, 522, 557, 520, 557, 1613, 556, 521, 557, 1613, 557, 520, 558, 1611, 558, 521, 557, 521, 557, 1612, 557, 521, 557, 1612, 557, 520, 557, 1613, 556, 521, 557, 1611, 557, 1613, 557, 7387, 556, 0};
----------------------


--- SINAL RECEBIDO (99 simbolos) ---
uint16_t rawData[198] = {6147, 7377, 559, 1610, 558, 1610, 558, 1611, 557, 1611, 557, 1610, 558, 1611, 558, 1610, 558, 1612, 557, 521, 558, 520, 558, 521, 558, 520, 558, 521, 558, 521, 557, 521, 558, 521, 557, 1610, 558, 1611, 557, 1611, 557, 1611, 558, 1610, 557, 1611, 557, 1611, 557, 1612, 558, 521, 557, 522, 557, 521, 557, 522, 557, 521, 558, 521, 557, 521, 558, 520, 558, 1612, 557, 519, 558, 1611, 558, 1610, 558, 1611, 557, 1611, 557, 1611, 557, 1612, 557, 521, 557, 1612, 558, 521, 557, 522, 556, 522, 558, 520, 558, 521, 558, 520, 557, 1612, 557, 520, 558, 1612, 557, 521, 557, 1610, 557, 1612, 557, 1611, 557, 1612, 557, 520, 557, 1613, 557, 521, 557, 1612, 557, 521, 557, 522, 557, 521, 557, 521, 557, 1613, 556, 522, 557, 521, 556, 1612, 556, 1613, 557, 522, 556, 522, 556, 1613, 556, 522, 556, 1612, 556, 1613, 556, 522, 556, 522, 556, 1613, 555, 1614, 555, 523, 556, 522, 555, 1614, 556, 522, 555, 1614, 555, 523, 555, 1614, 555, 546, 533, 545, 532, 1637, 533, 545, 533, 1637, 532, 545, 533, 1636, 532, 546, 532, 1636, 532, 1637, 532, 7412, 532, 0};
----------------------


--- SINAL RECEBIDO (99 simbolos) ---
uint16_t rawData[198] = {6147, 7378, 559, 1609, 558, 1610, 558, 1610, 558, 1611, 558, 1610, 558, 1610, 558, 1610, 558, 1611, 558, 520, 558, 521, 558, 521, 557, 521, 558, 520, 559, 520, 558, 521, 558, 520, 558, 1610, 558, 1610, 558, 1611, 557, 1611, 557, 1611, 557, 1611, 558, 1610, 558, 1611, 558, 521, 557, 522, 557, 521, 558, 521, 557, 521, 558, 521, 557, 521, 558, 520, 558, 1611, 557, 521, 557, 1611, 557, 1612, 557, 1611, 557, 1611, 557, 1611, 557, 1613, 557, 520, 558, 1611, 558, 521, 557, 522, 557, 521, 557, 522, 557, 521, 557, 521, 557, 1612, 557, 521, 556, 1613, 557, 521, 557, 1611, 557, 1611, 558, 1610, 557, 1613, 557, 520, 557, 1636, 557, 521, 556, 1613, 556, 522, 557, 521, 558, 521, 557, 521, 558, 522, 556, 522, 557, 521, 557, 1611, 557, 1612, 557, 522, 556, 521, 557, 1612, 557, 1611, 557, 1611, 557, 1613, 555, 523, 556, 521, 556, 1613, 556, 1613, 556, 522, 557, 521, 556, 1613, 556, 522, 556, 1613, 556, 521, 557, 1613, 556, 523, 555, 522, 556, 1614, 556, 521, 556, 1613, 557, 521, 556, 1637, 532, 522, 556, 1635, 533, 1637, 532, 7413, 531, 0};
----------------------

